# Camera list with one line of data per camera:
#   CAMERA_ID, MODEL, WIDTH, HEIGHT, PARAMS[]
# Number of cameras: 42
1 PINHOLE 75 100 64.401406549195457 64.375880823254448 37.5 50
2 PINHOLE 75 100 69.186850062004154 69.065540564525477 37.5 50
3 PINHOLE 75 100 70.925692488840014 70.801334173546891 37.5 50
4 PINHOLE 75 100 71.420291503303332 71.15685031934629 37.5 50
5 PINHOLE 75 100 71.83495863579644 71.514950104201759 37.5 50
6 PINHOLE 75 100 72.003993499371887 71.683231955601684 37.5 50
7 PINHOLE 75 100 65.748618518600665 65.709965597660869 37.5 50
8 PINHOLE 75 100 68.976669703338203 68.603246124124468 37.5 50
9 PINHOLE 100 74 70.605150572159985 70.578960098995665 50 37
10 PINHOLE 100 74 71.803106039956916 71.723077810314848 50 37
11 PINHOLE 100 74 66.681081655212793 66.415802429432773 50 37
12 PINHOLE 75 100 66.01942742771611 65.954967920366258 37.5 50
13 PINHOLE 100 74 79.110386301842411 79.330508975487803 50 37
14 PINHOLE 74 100 74.874782757713348 74.821831922814127 37 50
15 PINHOLE 75 100 79.167515725351933 79.136359678234527 37.5 50
16 PINHOLE 74 100 73.184550533137426 73.324863543622143 37 50
17 PINHOLE 75 100 74.709936727990211 74.377120817716389 37.5 50
18 PINHOLE 74 100 70.3411652636334 70.145985810417642 37 50
19 PINHOLE 74 100 72.693791825493719 72.984146712570038 37 50
20 PINHOLE 75 100 71.036033815730562 70.870061774105025 37.5 50
21 PINHOLE 74 100 67.865166301449975 67.753718985056423 37 50
22 PINHOLE 74 100 70.77566165191908 71.17987943115574 37 50
23 PINHOLE 75 100 65.75481325470011 65.614065454388438 37.5 50
24 PINHOLE 74 100 69.375900418905118 69.626837047397672 37 50
27 PINHOLE 74 100 68.441958635525907 68.39355704131205 37 50
28 PINHOLE 74 100 72.716592835818417 73.07659838635071 37 50
29 PINHOLE 74 100 72.651972466299114 72.969624900023462 37 50
30 PINHOLE 75 100 73.747154155991623 73.277427059456642 37.5 50
31 PINHOLE 75 100 73.86171113698289 73.575425434901561 37.5 50
32 PINHOLE 74 100 69.058580897743298 69.10010484364318 37 50
33 PINHOLE 74 100 76.87560911110667 76.805839372492713 37 50
34 PINHOLE 75 100 65.060025038406408 64.920764428283348 37.5 50
35 PINHOLE 74 100 77.111150044439043 77.33209889843458 37 50
36 PINHOLE 74 100 78.379229548601316 78.558792502893652 37 50
37 PINHOLE 74 100 77.420440628969629 77.75894198758327 37 50
38 PINHOLE 75 100 76.855653830630601 76.616786219657385 37.5 50
39 PINHOLE 74 100 85.075089588634739 85.077711397922812 37 50
40 PINHOLE 75 100 65.121154623597846 64.756647099165434 37.5 50
41 PINHOLE 75 100 63.110868115772782 62.866252347882188 37.5 50
42 PINHOLE 100 75 64.330991835101187 64.643642456383759 50 37.5
43 PINHOLE 100 74 65.827541033244486 65.440740443297202 50 37
44 PINHOLE 75 100 68.537596105641583 68.470677929400978 37.5 50
